   149577866.58501232        2573291.2536779409     
  
   149511472.88935488        5145821.0672061248     
  
   149400838.55900654        7716828.2257459024     
  
   149245996.33080611        10285551.965014169     
  
   149046992.02276561        12851232.196394479     
  
   148803884.52051243        15413109.731848240     
  
   148516745.75986528        17970426.508559413     
  
   148185660.70554805        20522425.813246261     
  
   147810727.32604870        23068352.506073765     
  
   147392056.56463039        25607453.244100485     
  
   146929772.30650309        28138976.704193659     
  
   146424011.34216586        30662173.805346686     
  
   145874923.32693022        33176297.930333160     
  
   145282670.73663723        35680605.146631844     
  
   144647428.81958044        38174354.426557235     
  
   143969385.54464978        40656807.866530627     
  
   143248741.54571137        43127230.905426681     
  
   142485710.06223956        45584892.541931033     
  
   141680516.87621936        48029065.550844498     
  
   140833400.24533698        50459026.698269881     
  
   139944610.83247927        52874056.955617890     
  
   139014411.63156211        55273441.712368570     
  
   138043077.88971034        57656470.987525441     
  
   137030897.02581167        60022439.639699779     
  
   135978168.54546902        62370647.575762913     
  
   134885203.95237663        64700399.958004594     
  
   133752326.65614551        67011007.409736395     
  
   132579871.87660627        69301786.219279125     
  
   131368186.54461704        71572058.542273998     
  
   130117629.19940628        73821152.602257669     
  
   128828569.88248049        76048402.889441669     
  
   127501390.02812852        78253150.357637659     
  
   126136482.35055465        80434742.619270056     
  
   124734250.72767392        82592534.138418198     
  
   123295110.08160426        84725886.421831489     
  
   121819486.25589037        86834168.207860053     
  
   120307815.88949616        88916755.653246209     
  
   118760546.28760271        90973032.517720178     
  
   117178135.28925008        93002390.346346512     
  
   115561051.13186213        95004228.649566680     
  
   113909772.31269459        96977955.080884621     
  
   112224787.44724700        98922985.612142906     
  
   110506595.12468074        100838744.70633739     
  
   108755703.76028602        102724665.48791927     
  
   106972631.44504097        104580189.91053435     
  
   105157905.79230800        106404768.92214972     
  
   103312063.78171223        108197862.62751877     
  
   101435651.60024861        109958940.44793712     
  
   99529224.480664492        111687481.27824128     
  
   97593346.537165508        113382973.64100453     
  
   95628590.598493457        115044915.83788364     
  
   93635538.038425654        116672816.09807205     
  
   91614778.603745550        118266192.72381556     
  
   89566910.239736021        119824574.23294720     
  
   87492538.913246542        121347499.49839939     
  
   85392278.433386832        122834517.88465220     
  
   83266750.269899979        124285189.38107674     
  
   81116583.369268760        125699084.73213507     
  
   78942413.968609542        127075785.56439729     
  
   76744885.407408908        128414884.51033890     
  
   74524647.937158749        129715985.32888126     
  
   72282358.528945997        130978703.02263993     
  
   70018680.679053947        132202663.95184582     
  
   67734284.212633044        133387505.94490570     
  
   65429845.085498594        134532878.40556917     
  
   63106045.184114724        135638442.41667062     
  
   60763572.123823240        136703870.84041524     
  
   58403119.045377314        137728848.41517946     
  
   56025384.409840390        138713071.84879735     
  
   53631071.791910589        139656249.90830499     
  
   51220889.671732061        140558103.50611684     
  
   48795551.225254871        141418365.78260806     
  
   46355774.113205172        142236782.18507862     
  
   43902280.268728696        143013110.54307571     
  
   41435795.683769688        143747121.14005238     
  
   38957050.194248997        144438596.78134084     
  
   36466777.264104716        145087332.85842076     
  
   33965713.768259265        145693137.40946305     
  
   31454599.774577066        146255831.17613184     
  
   28934178.324877732        146775247.65662694     
  
   26405195.215068873        147251233.15495223     
  
   23868398.774464216        147683646.82639426     
  
   21324539.644352019        148072360.71919858     
  
   18774370.555879224        148417259.81243062     
  
   16218646.107317587        148718242.05001077     
  
   13658122.540776918        148975218.37091270     
  
   11093557.518432135        149188112.73551670     
  
   8525709.8983300645        149356862.14810994     
  
   5955339.5098424070        149481416.67552695     
  
   3383206.9288311345        149561739.46192491     
  
   810073.25259332499        149597806.73968932     
  
  -1763300.1253486299        149589607.83646685     
  
  -4336151.7405442996        149537145.17832342     
  
  -6907720.2829334782        149440434.28902617     
  
  -9477244.8221189324        149299503.78545007     
  
  -12043965.032526476        149114395.36911008     
  
  -14607121.418386398        148885163.81382167     
  
  -17165955.538469199        148611876.94949317     
  
  -19719710.230509281        148294615.64205474     
  
  -22267629.835250348        147933473.76953015     
  
  -24808960.420045752        147528558.19425812     
  
  -27342950.001948241        147079988.73127154     
  
  -29868848.770222653        146587898.11284411     
  
  -32385909.308215801        146052431.94921479     
  
  -34893386.814518183        145473748.68550137     
  
  -37390539.323351420        144852019.55481640     
  
  -39876627.924117059        144187428.52759922     
  
  -42350916.980041064        143480172.25717869     
  
  -44812674.345849723        142730460.02158341     
  
  -47261171.584412299        141938513.66161597     
  
  -49695684.182286642        141104567.51520988     
  
  -52115491.764103457        140228868.34808895     
  
  -54519878.305726402        139311675.28074875     
  
  -56908132.346124493        138353259.71178266     
  
  -59279547.197894335        137353905.23757458     
  
  -61633421.156369917        136313907.56838253     
  
  -63969057.707257770        135233574.44083744     
  
  -66285765.732736394        134113225.52688377     
  
  -68582859.715959162        132953192.33918780     
  
  -70859659.943899408        131753818.13304287     
  
  -73115492.708478332        130515457.80479971     
  
  -75349690.505916312        129238477.78685194     
  
  -77561592.234247804        127923255.93920860     
  
  -79750543.388942599        126570181.43768454     
  
  -81915896.256574348        125179654.65874296     
  
  -84057010.106479630        123752087.06102367     
  
  -86173251.380351409        122287901.06359158     
  
  -88263993.879709244        120787529.92094278     
  
  -90328618.951192603        119251417.59480366     
  
  -92366515.669621065        117680018.62276216     
  
  -94377081.018767625        116073797.98376966     
  
  -96359720.069792390        114433230.96055293     
  
  -98313846.157282338        112758802.99897753     
  
  -100238881.05284666        111051009.56440359     
  
  -102134255.13621528        109310355.99507707     
  
  -103999407.56378990        107537357.35259965     
  
  -105833786.43459877        105732538.26952106     
  
  -107636848.95360444        103896432.79410002     
  
  -109408061.59231794        102029584.23227827     
  
  -111146900.24667022        100132544.98691592     
  
  -112852850.39209525        98205876.394334808     
  
  -114525407.23577875        96250148.558217987     
  
  -116164075.86602663        94265940.180915877     
  
  -117768371.39871025        92253838.392206982     
  
  -119337819.12074433        90214438.575565651     
  
  -120871954.63055478        88148344.191987574     
  
  -122370323.97549613        86056166.601424411     
  
  -123832483.78617640        83938524.881882206     
  
  -125258001.40765089        81796045.646234795     
  
  -126646455.02744509        79629362.856808841     
  
  -127997433.80036977        77439117.637793124     
  
  -129310537.97009042        75225958.085529238     
  
  -130585378.98741570        72990539.076739326     
  
  -131821579.62526973        70733522.074746668     
  
  -133018774.09031385        68455574.933748439     
  
  -134176608.13118561        66157371.701196358     
  
  -135294739.14332199        63839592.418345325     
  
  -136372836.27033657        61502922.919028580     
  
  -137410580.50192046        59148054.626718163     
  
  -138407664.76823765        56775684.349932306     
  
  -139363794.03078756        54386514.076048501     
  
  -140278685.36970729        51981250.763584703     
  
  -141152068.06748772        49560606.133009613     
  
  -141983683.68907961        47125296.456143253     
  
  -142773286.15836439        44676042.344211690     
  
  -143520641.83096871        42213568.534616873     
  
  -144225529.56340000        39738603.676486060     
  
  -144887740.77848309        37251880.115063831     
  
  -145507079.52707851        34754133.675009750     
  
  -146083362.54606405        32246103.442667406     
  
  -146616419.31256261        29728531.547367416     
  
  -147106092.09440002        27202162.941830564     
  
  -147552235.99677831        24667745.181735568     
  
  -147954719.00515023        22126028.204515941     
  
  -148313422.02428249        19577764.107453059     
  
  -148628238.91349620        17023706.925129142     
  
  -148899076.51807410        14464612.406307926     
  
  -149125854.69682500        11901237.790307235     
  
  -149308506.34579787        9334341.5829310790     
  
  -149446977.41813782        6764683.3320270227     
  
  -149541226.94007871        4193023.4027345581     
  
  -149591227.02306727        1620122.7524926171     
  
  -149596962.87201551       -953257.29412916233     
  
  -149558432.78967842       -3526355.2707071444     
  
  -149475648.17715627       -6098409.7942823786     
  
  -149348633.53052104       -8668659.7906552497     
  
  -149177426.43356800       -11236344.719587766     
  
  -148962077.54669452       -13800704.799848845     
  
  -148702650.59190968       -16360981.234034356     
  
  -148399222.33397889       -18916416.433096025     
  
  -148051882.55770892       -21466254.240513463     
  
  -147660734.04138073       -24009740.156041306     
  
  -147225892.52633700       -26546121.558967277     
  
  -146747486.68273419       -29074647.930813398     
  
  -146225658.07146898       -31594571.077415153     
  
  -145660561.10229009       -34105145.350313574     
  
  -145052362.98810834       -36605627.867393032     
  
  -144401243.69551802       -39095278.732701451     
  
  -143707395.89154467       -41573361.255386271     
  
  -142971024.88663462       -44039142.167682014     
  
  -142192348.57390326       -46491891.841885589     
  
  -141371597.36466047       -48930884.506253555     
  
  -140509014.12023127       -51355398.459759332     
  
  -139604854.08009303       -53764716.285645299     
  
  -138659384.78634986       -56158125.063707061     
  
  -137672886.00456643       -58534916.581247956     
  
  -136645649.64098498       -60894387.542639568     
  
  -135577979.65615001       -63235839.777428217     
  
  -134470191.97496581       -65558580.446924299     
  
  -133322614.39321402       -67861922.249213964     
  
  -132135586.48055837       -70145183.622533068     
  
  -130909459.48006566       -72407688.946941599     
  
  -129644596.20427229       -74648768.744241089     
  
  -128341370.92782791       -76867759.876073450     
  
  -127000169.27674671       -79064005.740144998     
  
  -125621388.11430039       -81236856.464515597     
  
  -124205435.42358591       -83385669.099896505     
  
  -122752730.18680245       -85509807.809900269     
  
  -121263702.26127443       -87608644.059185103     
  
  -119738792.25225589       -89681556.799439579     
  
  -118178451.38255490       -91727932.653151542     
  
  -116583141.35901639       -93747166.095107138     
  
  -114953334.23590206       -95738659.631566748     
  
  -113289512.27520941       -97701823.977063879     
  
  -111592167.80396947       -99636078.228775740     
  
  -109861803.06856662       -101540850.03841303     
  
  -108098930.08612359       -103415575.78157830     
  
  -106304070.49299438       -105259700.72454359     
  
  -104477755.39041200       -107072679.18839630     
  
  -102620525.18733446       -108853974.71050680     
  
  -100732929.44053730       -110603060.20326804     
  
  -98815526.691999108       -112319418.11006151     
  
  -96868884.303627968       -114002540.55840309     
  
  -94893578.289378673       -115651929.51022287     
  
  -92890193.144809380       -117267096.90923540     
  
  -90859321.674128190       -118847564.82535642     
  
  -88801564.814782411       -120392865.59612241     
  
  -86717531.459639922       -121902541.96507290     
  
  -84607838.276816815       -123376147.21705331     
  
  -82473109.527205035       -124813245.31039822     
  
  -80313976.879752591       -126213411.00595675     
  
  -78131079.224551499       -127576229.99292171     
  
  -75925062.483790085       -128901299.01142412     
  
  -73696579.420623317       -130188225.97185877     
  
  -71446289.446019650       -131436630.07090367     
  
  -69174858.423639953       -132646141.90420078     
  
  -66882958.472808316       -133816403.57566257     
  
  -64571267.769630775       -134947068.80337432     
  
  -62240470.346321747       -136037803.02205944     
  
  -59891255.888798773       -137088283.48207745     
  
  -57524319.532603189       -138098199.34492618     
  
  -55140361.657208294       -139067251.77521944     
  
  -52740087.678776912       -139995154.02911246     
  
  -50324207.841427334       -140881631.53915000     
  
  -47893437.007071443       -141726421.99551105     
  
  -45448494.443885699       -142529275.42362690     
  
  -42990103.613479480       -143289954.25814852     
  
  -40518991.956821501       -144008233.41324285     
  
  -38035890.678988762       -144683900.34919578     
  
  -35541534.532802761       -145316755.13530293     
  
  -33036661.601414703       -145906610.50902942     
  
  -30522013.079906028       -146453291.93142107     
  
  -27998333.055967320       -146956637.63875085     
  
  -25466368.289722580       -147416498.69038475     
  
  -22926867.992761590       -147832739.01285359     
  
  -20380583.606446836       -148205235.44011739     
  
  -17828268.579561856       -148533877.75001031     
  
  -15270678.145364400       -148818568.69685549     
  
  -12708569.098111534       -149059224.04024023     
  
  -10142699.569124069       -149255772.56994280     
  
  -7573828.8024539994       -149408156.12700370     
  
  -5002716.9302234948       -149516329.62093490     
  
  -2430124.7477003117       -149580261.04306215     
  
   143186.51182170483       -149599931.47599646     
  
   2716455.4022729094       -149575335.09923172     
  
   5288920.4901211187       -149506479.19086710     
  
   7859820.5796799585       -149393384.12545329     
  
   10428394.938348042       -149236083.36796379     
  
   12993883.521711098       -149034623.46389246     
  
   15555527.198439294       -148789064.02548075     
  
   18112567.974915680       -148499477.71407837     
  
   20664249.219527211       -148165950.21864259     
  
   23209815.886553518       -147788580.23038280     
  
   25748514.739585105       -147367479.41355774     
  
   28279594.574407373       -146902772.37243396     
  
   30802306.441283260       -146394596.61441496     
  
   33315903.866567668       -145843102.50935289     
  
   35819643.073590338       -145248453.24505386     
  
   38312783.202740692       -144610824.77899015     
  
   40794586.530688390       -143930405.78623468     
  
   43264318.688677058       -143207397.60363147     
  
   45721248.879824750       -142442014.17021990     
  
   48164650.095368139       -141634481.96392980     
  
   50593799.329784550       -140785039.93456653     
  
   53007977.794730641       -139893939.43310535     
  
   55406471.131733179       -138961444.13731608     
  
   57788569.623567767       -137987829.97374102     
  
   60153568.404265694       -136973385.03604755     
  
   62500767.667684332       -135918409.49978095     
  
   64829472.874581188       -134823215.53354207     
  
   67138994.958128244       -133688127.20661633     
  
   69428650.527808011       -132513480.39308116     
  
   71697762.071630061       -131299622.67242023     
  
   73945658.156606913       -130046913.22667460     
  
   76171673.627432361       -128755722.73416016     
  
   78375149.803302005       -127426433.25978316     
  
   80555434.672817141       -126059438.14198717     
  
   82711883.086916134       -124655141.87636353     
  
   84843856.949774697       -123213959.99596055     
  
   86950725.407619670       -121736318.94832668     
  
   89031865.035398781       -120222655.96932441     
  
   91086660.021253243       -118673418.95375149     
  
   93114502.348737597       -117089066.32280804     
  
   95114791.976731896       -115470066.88844956     
  
   97086937.016994983       -113816899.71466474     
  
   99030353.909305200       -112130053.97571945     
  
   100944467.59413613       -110410028.81141007     
  
   102828711.68281770       -108657333.17936692     
  
   104682528.62513122       -106872485.70445335     
  
   106505369.87428947       -105056014.52530357     
  
   108296696.04925194       -103208457.13804629     
  
   110055977.09432860       -101330360.23725870     
  
   111782692.43602426       -99422279.554198533     
  
   113476331.13707653       -97484779.692363024     
  
   115136392.04764302       -95518433.960421726     
  
   116762383.95359211       -93523824.202573836     
  
   118353825.72185417       -91501540.626379460     
  
   119910246.44278894       -89452181.628116950     
  
   121431185.56952852       -87376353.615716457     
  
   122916193.05425407       -85274670.829322726     
  
   124364829.48136495       -83147755.159541264     
  
   125776666.19750273       -80996235.963419765     
  
   127151285.43839036       -78820749.878220379     
  
   128488280.45244877       -76621940.633038461     
  
   129787255.62115549       -74400458.858321860     
  
   131047826.57610846       -72156961.893348902     
  
   132269620.31276144       -69892113.591720253     
  
   133452275.30079617       -67606584.124924615     
  
   134595441.59109977       -65301049.784033678     
  
   135698780.91931543       -62976192.779586457     
  
   136761966.80593464       -60632701.039723001     
  
   137784684.65290350       -58271268.006625220     
  
   138766631.83671233       -55892592.431326129     
  
   139707517.79794252       -53497378.166949227     
  
   140607064.12724328       -51086333.960437007     
  
   141465004.64771339       -48660173.242832057     
  
   142281085.49366346       -46219613.918171413     
  
   143055065.18573481       -43765378.151058614     
  
   143786714.70235366       -41298192.152973883     
  
   144475817.54749897       -38818785.967386849     
  
   145122169.81476375       -36327893.253736518     
  
   145725580.24769130       -33826251.070340030     
  
   146285870.29636827       -31314599.656296376     
  
   146802874.17025781       -28793682.212448232     
  
   147276438.88725701       -26264244.681468654     
  
   147706424.31896475       -23727035.527135286     
  
   148092703.23214582       -21182805.512858618     
  
   148435161.32637921       -18632307.479530882     
  
   148733697.26787993       -16076296.122759128     
  
   148988222.71948391       -13515527.769549409     
  
